============= 인접행렬 테스트케이스

5
0 4
0 2 2 5 9
2 0 3 4 8
2 3 0 7 6
5 4 7 0 5
9 8 6 5 0

output==> 8


6
5 4
0 3 5 0 0 0
0 0 2 6 0 0
0 1 0 4 6 0
0 0 0 0 2 3
3 0 0 0 0 6
0 0 0 0 0 0

output==> -1

6
0 5
0 3 5 0 3 0
3 0 2 6 0 0
5 2 0 4 6 0
0 6 4 0 2 3
3 0 6 2 0 6
0 0 0 3 6 0

output==> 8


10
0 9
0 4 6 0 0 0 0 0 0 0
0 0 0 9 8 0 0 0 0 0
0 3 0 0 2 3 0 0 0 0
0 0 0 0 0 0 6 0 0 0
0 0 0 2 0 1 3 7 0 0 
0 0 0 0 0 0 0 4 8 0
0 0 0 0 0 0 0 0 0 13
0 0 0 0 0 0 0 0 0 9
0 0 0 0 0 0 0 0 0 4
0 0 0 0 0 0 0 0 0 0


output ==> 21


10
3 8
0 4 6 0 0 0 0 0 0 0
0 0 0 9 8 0 0 0 0 0
0 3 0 0 2 3 0 0 0 0
0 0 0 0 0 0 6 0 0 0
0 0 0 2 0 1 3 7 0 0 
0 0 0 0 0 0 0 4 8 0
0 0 0 0 0 0 0 0 0 13
0 0 0 0 0 0 0 0 0 9
0 0 0 0 0 0 0 0 0 4
0 0 0 0 0 0 0 0 0 0

output ==> -1

